0 -21.72236
1 -21.87779
2 -22.02626
3 -22.16768
4 -22.30198
5 -22.42908
6 -22.54891
7 -22.66141
8 -22.76651
9 -22.86416
10 -22.95430
11 -23.03688
12 -23.11184
13 -23.17916
14 -23.23878
15 -23.29068
16 -23.33481
17 -23.37115
18 -23.39968
19 -23.42037
20 -23.43322
21 -23.43823
22 -23.43539
23 -23.42471
24 -23.40619
25 -23.37985
26 -23.34570
27 -23.30376
28 -23.25405
29 -23.19658
30 -23.13138
31 -23.05847
32 -22.97789
33 -22.88966
34 -22.79384
35 -22.69046
36 -22.57957
37 -22.46122
38 -22.33547
39 -22.20238
40 -22.06202
41 -21.91445
42 -21.75976
43 -21.59801
44 -21.42929
45 -21.25368
46 -21.07126
47 -20.88213
48 -20.68636
49 -20.48407
50 -20.27533
51 -20.06027
52 -19.83896
53 -19.61152
54 -19.37804
55 -19.13862
56 -18.89337
57 -18.64238
58 -18.38575
59 -18.12358
60 -17.85597
61 -17.58304
62 -17.30487
63 -17.02158
64 -16.73328
65 -16.44008
66 -16.14208
67 -15.83941
68 -15.53217
69 -15.22050
70 -14.90451
71 -14.58432
72 -14.26005
73 -13.93184
74 -13.59979
75 -13.26403
76 -12.92468
77 -12.58186
78 -12.23570
79 -11.88631
80 -11.53382
81 -11.17832
82 -10.81995
83 -10.45881
84 -10.09501
85 -9.72865
86 -9.35984
87 -8.98869
88 -8.61530
89 -8.23978
90 -7.86222
91 -7.48273
92 -7.10142
93 -6.71839
94 -6.33375
95 -5.94760
96 -5.56006
97 -5.17123
98 -4.78124
99 -4.39018
100 -3.99819
101 -3.60537
102 -3.21183
103 -2.81769
104 -2.42305
105 -2.02804
106 -1.63276
107 -1.23732
108 -0.84182
109 -0.44637
110 -0.05106
111 0.34400
112 0.73872
113 1.13301
114 1.52676
115 1.91990
116 2.31233
117 2.70395
118 3.09468
119 3.48443
120 3.87311
121 4.26063
122 4.64689
123 5.03180
124 5.41526
125 5.79718
126 6.17745
127 6.55596
128 6.93263
129 7.30733
130 7.67998
131 8.05047
132 8.41870
133 8.78456
134 9.14795
135 9.50878
136 9.86694
137 10.22234
138 10.57488
139 10.92448
140 11.27105
141 11.61448
142 11.95471
143 12.29164
144 12.62519
145 12.95528
146 13.28182
147 13.60474
148 13.92394
149 14.23934
150 14.55087
151 14.85842
152 15.16192
153 15.46127
154 15.75639
155 16.04717
156 16.33353
157 16.61537
158 16.89261
159 17.16516
160 17.43292
161 17.69581
162 17.95375
163 18.20664
164 18.45440
165 18.69694
166 18.93420
167 19.16608
168 19.39253
169 19.61346
170 19.82880
171 20.03850
172 20.24248
173 20.44068
174 20.63305
175 20.81952
176 21.00003
177 21.17453
178 21.34296
179 21.50527
180 21.66138
181 21.81124
182 21.95480
183 22.09199
184 22.22277
185 22.34708
186 22.46488
187 22.57612
188 22.68077
189 22.77877
190 22.87010
191 22.95472
192 23.03259
193 23.10369
194 23.16799
195 23.22547
196 23.27610
197 23.31988
198 23.35680
199 23.38683
200 23.40999
201 23.42626
202 23.43565
203 23.43816
204 23.43381
205 23.42258
206 23.40450
207 23.37957
208 23.34779
209 23.30918
210 23.26374
211 23.21149
212 23.15245
213 23.08664
214 23.01409
215 22.93484
216 22.84891
217 22.75634
218 22.65718
219 22.55147
220 22.43924
221 22.32055
222 22.19545
223 22.06398
224 21.92619
225 21.78215
226 21.63192
227 21.47554
228 21.31309
229 21.14463
230 20.97022
231 20.78994
232 20.60384
233 20.41200
234 20.21448
235 20.01135
236 19.80266
237 19.58848
238 19.36887
239 19.14389
240 18.91363
241 18.67814
242 18.43752
243 18.19184
244 17.94118
245 17.68563
246 17.42527
247 17.16019
248 16.89048
249 16.61622
250 16.33750
251 16.05440
252 15.76702
253 15.47544
254 15.17975
255 14.88005
256 14.57642
257 14.26895
258 13.95773
259 13.64285
260 13.32441
261 13.00248
262 12.67715
263 12.34850
264 12.01661
265 11.68155
266 11.34340
267 11.00222
268 10.65811
269 10.31115
270 9.96143
271 9.60903
272 9.25406
273 8.89660
274 8.53675
275 8.17461
276 7.81027
277 7.44382
278 7.07536
279 6.70498
280 6.33278
281 5.95885
282 5.58330
283 5.20620
284 4.82767
285 4.44779
286 4.06667
287 3.68439
288 3.30104
289 2.91673
290 2.53154
291 2.14555
292 1.75885
293 1.37151
294 0.98361
295 0.59523
296 0.20646
297 -0.18262
298 -0.57192
299 -0.96134
300 -1.35078
301 -1.74014
302 -2.12931
303 -2.51821
304 -2.90673
305 -3.29475
306 -3.68219
307 -4.06894
308 -4.45488
309 -4.83993
310 -5.22397
311 -5.60689
312 -5.98859
313 -6.36897
314 -6.74791
315 -7.12532
316 -7.50107
317 -7.87507
318 -8.24722
319 -8.61741
320 -8.98554
321 -9.35153
322 -9.71527
323 -10.07669
324 -10.43568
325 -10.79214
326 -11.14596
327 -11.49705
328 -11.84528
329 -12.19054
330 -12.53272
331 -12.87169
332 -13.20736
333 -13.53960
334 -13.86828
335 -14.19331
336 -14.51456
337 -14.83191
338 -15.14524
339 -15.45445
340 -15.75940
341 -16.05999
342 -16.35610
343 -16.64761
344 -16.93441
345 -17.21638
346 -17.49340
347 -17.76539
348 -18.03221
349 -18.29379
350 -18.55002
351 -18.80080
352 -19.04605
353 -19.28566
354 -19.51953
355 -19.74755
356 -19.96963
357 -20.18566
358 -20.39554
359 -20.59916
360 -20.79643
361 -20.98725
362 -21.17152
363 -21.34916
364 -21.52008
365 -21.68418
366 -21.84138
367 -21.99161
368 -22.13479
369 -22.27083
370 -22.39966
371 -22.52123
372 -22.63545
373 -22.74226
374 -22.84162
375 -22.93347
376 -23.01775
377 -23.09444
378 -23.16350
379 -23.22489
380 -23.27859
381 -23.32457
382 -23.36280
383 -23.39326
384 -23.41592
385 -23.43077
386 -23.43778
387 -23.43696
388 -23.42828
389 -23.41175
390 -23.38737
391 -23.35515
392 -23.31510
393 -23.26724
394 -23.21159
395 -23.14818
396 -23.07704
397 -22.99821
398 -22.91172
399 -22.81763
400 -22.71597
401 -22.60680
402 -22.49017
403 -22.36615
404 -22.23480
405 -22.09618
406 -21.95038
407 -21.79746
408 -21.63750
409 -21.47058
410 -21.29677
411 -21.11616
412 -20.92882
413 -20.73482
414 -20.53426
415 -20.32721
416 -20.11377
417 -19.89403
418 -19.66807
419 -19.43600
420 -19.19792
421 -18.95394
422 -18.70415
423 -18.44866
424 -18.18759
425 -17.92106
426 -17.64916
427 -17.37203